Yohei-no-MacBook-Air:go_sandbox Yohei_Katoh$ go run echo2_t.go 1
1
0.000053secYohei-no-MacBook-Air:go_sandbox Yohei_Katoh$ go run echo3_t.go 1 
1
0.000050secYohei-no-MacBook-Air:go_sandbox Yohei_Katoh$ go run echo2_t.go 1 2 3  10 6 7 8 9 
1 2 3 4 5 6 7 8 9 10
0.000079secYohei-no-MacBook-Air:go_sandbox Yohei_Katoh$ go run echo3_t.go 1 2 3  10 6 7 8 9 
1 2 3 4 5 6 7 8 9 10
0.000071secYohei-no-MacBook-Air:go_sandbox Yohei_Katoh$ go run echo2_t.go 1 2 3  10 11 12 13 14 15 16 17 18 19 20
1 2 3 4 5 6 7 8 9 10 11 12 13 14 15 16 17 18 19 20
0.000053secYohei-no-MacBook-Air:go_sandbox Yohei_Katoh$ go run echo3_t.go 1 2 3  10 11 12 13 14 15 16 17 18 19 20
1 2 3 4 5 6 7 8 9 10 11 12 13 14 15 16 17 18 19 20
0.000053secYohei-no-MacBook-Air:go_sandbox Yohei_Katoh$ go run echo2_t.go 1 2 3  10 11 12 13 14 15 16 17 18 19 20 21 22 23 24 25 26 27 28 29 30 31 32 33 34 35 36 37 38 39 40 41 42 43 44 45 46 47 48 49 50
1 2 3 4 5 6 7 8 9 10 11 12 13 14 15 16 17 18 19 20 21 22 23 24 25 26 27 28 29 30 31 32 33 34 35 36 37 38 39 40 41 42 43 44 45 46 47 48 49 50
0.000124secYohei-no-MacBook-Air:go_sandbox Yohei_Katoh$ go run echo3_t.go 1 2 3  10 11 12 13 14 15 16 17 18 19 20 21 22 23 24 25 26 27 28 29 30 31 32 33 34 35 36 37 38 39 40 41 42 43 44 45 46 47 48 49 50
1 2 3 4 5 6 7 8 9 10 11 12 13 14 15 16 17 18 19 20 21 22 23 24 25 26 27 28 29 30 31 32 33 34 35 36 37 38 39 40 41 42 43 44 45 46 47 48 49 50
0.000088secYohei-no-MacBook-Air:go_sandbox Yohei_Katoh$ go run echo2_t.go 1 2 3  10 11 12 13 14 15 16 17 18 19 20 21 22 23 24 25 26 27 28 29 30 31 32 33 34 35 36 37 38 39 40 41 42 43 44 45 46 47 48 49 50 51 52 53 54 55 56 57 58 59 60 61 62 63 64 65 66 67 68 69 70 71 72 73 74 75 76 77 78 79 90 91 92 93 94 95 96 97 98 99 100
1 2 3 4 5 6 7 8 9 10 11 12 13 14 15 16 17 18 19 20 21 22 23 24 25 26 27 28 29 30 31 32 33 34 35 36 37 38 39 40 41 42 43 44 45 46 47 48 49 50 51 52 53 54 55 56 57 58 59 60 61 62 63 64 65 66 67 68 69 70 71 72 73 74 75 76 77 78 79 90 91 92 93 94 95 96 97 98 99 100
0.000109secYohei-no-MacBook-Air:go_sandbox Yohei_Katoh$ go run echo3_t.go 1 2 3  10 11 12 13 14 15 16 17 18 19 20 21 22 23 24 25 26 27 28 29 30 31 32 33 34 35 36 37 38 39 40 41 42 43 44 45 46 47 48 49 50 51 52 53 54 55 56 57 58 59 60 61 62 63 64 65 66 67 68 69 70 71 72 73 74 75 76 77 78 79 90 91 92 93 94 95 96 97 98 99 100
1 2 3 4 5 6 7 8 9 10 11 12 13 14 15 16 17 18 19 20 21 22 23 24 25 26 27 28 29 30 31 32 33 34 35 36 37 38 39 40 41 42 43 44 45 46 47 48 49 50 51 52 53 54 55 56 57 58 59 60 61 62 63 64 65 66 67 68 69 70 71 72 73 74 75 76 77 78 79 90 91 92 93 94 95 96 97 98 99 100
0.000076secYohei-no-MacBook-Air:go_sandbox Yohei_Katoh$ 
